250
55
82
-37
-58
4
1
-6
29
-32
73
-78
26
17
49
16
-86
26
46
49
-76
18
67
-56
14
-56
80
-91
66
-72
-93
-4
59
-87
91
-49
-47
-11
-49
-89
-48
2
78
-75
99
-9
-62
71
-74
21
49
56
-27
98
-57
54
-87
100
-16
-9
-66
-4
95
-67
100
38
-22
72
61
-2
-68
-89
25
60
66
-28
-55
38
-72
-12
13
37
-49
-32
-88
-54
92
-79
-58
68
10
-42
-94
2
-50
94
-35
24
-25
-43
-28
89
-17
-66
79
-86
-14
11
94
57
55
-66
-5
25
68
17
12
51
-81
75
23
6
-71
-45
-96
89
74
-3
53
-99
-51
-58
-7
-17
65
87
-56
95
15
91
-48
-94
87
70
62
-57
80
-10
-100
-94
-64
12
35
55
-17
6
89
97
-100
73
-87
-100
7
4
-56
2
-51
-52
27
-47
-63
56
-36
-87
-82
-9
23
-100
-39
-56
96
29
49
23
-80
-12
21
-96
78
58
-63
-20
55
-21
55
2
-28
57
47
-29
-49
23
74
-43
37
67
59
84
2
67
16
15
7
23
82
64
57
3
80
-54
-68
-69
-35
-74
72
60
-8
-71
-39
98
-48
82
65
17
-38
-64
-34
45
-23
-61
-92
77
66
53
43
-71
-44
17
11
68
15